20729.09807978644
20716.60339671233
20716.60339671233
20093.091858438434
20093.091858438434
19718.520789019378
19718.520789019378
18986.69099111581
18986.69099111581
18986.69099111581
18770.680986193714
18639.801290368705
18627.446951609985
18380.778514608024
18203.59489731252
18203.59489731252
18203.59489731252
17606.85106503214
17606.85106503214
16764.964468894217
16764.964468894217
16764.964468894217
16764.964468894217
16764.964468894217
16764.964468894217
16324.513858661918
16324.513858661918
16324.513858661918
16324.513858661918
16324.513858661918
16036.575814283493
16036.575814283493
16000.219069977944
16000.219069977944
16000.219069977944
16000.219069977944
16000.219069977944
16000.219069977944
15904.654730340988
15904.654730340988
15904.654730340988
15252.605799494662
15252.605799494662
15252.605799494662
15252.605799494662
15252.605799494662
14523.926297778939
14523.926297778939
14523.926297778939
14523.926297778939
14523.926297778939
14523.926297778939
14523.926297778939
14523.926297778939
14523.926297778939
14523.926297778939
14523.926297778939
14523.926297778939
14189.53692797458
14189.53692797458
14189.53692797458
14189.53692797458
13938.950484590247
13938.950484590247
13938.950484590247
13938.950484590247
13938.950484590247
13938.950484590247
13938.950484590247
13938.950484590247
13887.302480127906
13887.302480127906
13887.302480127906
13887.302480127906
13887.302480127906
13887.302480127906
13887.302480127906
13887.302480127906
13306.732951554379
13306.732951554379
13306.732951554379
13306.732951554379
13306.732951554379
13306.732951554379
13306.732951554379
13306.732951554379
13306.732951554379
13306.732951554379
13306.732951554379
13306.732951554379
13306.732951554379
13306.732951554379
13306.732951554379
13306.732951554379
13306.732951554379
13306.732951554379
13306.732951554379
13306.732951554379
13306.732951554379
13306.732951554379
13306.732951554379
13230.617548404805
13230.617548404805
13230.617548404805
13230.617548404805
12703.511959053834
12703.511959053834
12703.511959053834
12703.511959053834
12703.511959053834
12703.511959053834
12675.438207048364
12675.438207048364
12668.90121945384
12668.90121945384
11868.969597055777
11868.969597055777
11868.969597055777
11868.969597055777
11868.969597055777
11868.969597055777
11868.969597055777
11868.969597055777
11868.969597055777
11868.969597055777
11868.969597055777
11868.969597055777
11868.969597055777
11868.969597055777
11868.969597055777
11868.969597055777
11868.969597055777
11868.969597055777
11868.969597055777
11868.969597055777
11868.969597055777
11868.969597055777
11868.969597055777
11868.969597055777
11868.969597055777
11868.969597055777
11868.969597055777
11868.969597055777
11868.969597055777
11868.969597055777
11868.969597055777
11868.969597055777
11868.969597055777
11868.969597055777
11855.450118738656
11855.450118738656
11855.450118738656
11855.450118738656
11855.450118738656
11855.450118738656
11855.450118738656
11855.450118738656
11648.136987705502
11542.429669505247
11542.429669505247
11542.429669505247
11542.429669505247
11542.429669505247
11542.429669505247
11542.429669505247
11542.429669505247
11542.429669505247
11542.429669505247
11542.429669505247
11542.429669505247
11542.429669505247
11542.429669505247
11542.429669505247
11542.429669505247
11542.429669505247
11542.429669505247
11542.429669505247
11542.429669505247
11542.429669505247
11542.429669505247
11542.429669505247
11395.597971652578
11395.597971652578
11395.597971652578
11355.237654857767
11355.237654857767
11355.237654857767
11355.237654857767
11355.237654857767
11355.237654857767
11355.237654857767
11355.237654857767
11355.237654857767
11355.237654857767
11355.237654857767
11355.237654857767
11355.237654857767
11355.237654857767
11355.237654857767
11285.635329903305
11285.635329903305
11285.635329903305
11285.635329903305
11285.635329903305
11091.83042885494
11091.83042885494
11091.83042885494
11091.83042885494
11091.83042885494
11091.83042885494
11091.83042885494
11091.83042885494
11091.83042885494
11091.83042885494
11091.83042885494
11091.83042885494
11091.83042885494
11091.83042885494
11091.83042885494
11091.83042885494
11091.83042885494
11091.83042885494
11091.83042885494
11091.83042885494
11091.83042885494
11091.83042885494
11091.83042885494
11036.359956344038
11036.359956344038
11036.359956344038
10945.248006914368
10945.248006914368
10945.248006914368
10945.248006914368
10945.248006914368
10945.248006914368
10945.248006914368
10945.248006914368
10945.248006914368
10733.133285365848
10733.133285365848
10733.133285365848
10733.133285365848
10733.133285365848
10733.133285365848
10733.133285365848
10733.133285365848
10733.133285365848
10733.133285365848
10733.133285365848
10733.133285365848
10733.133285365848
10733.133285365848
10733.133285365848
10733.133285365848
10733.133285365848
10733.133285365848
10733.133285365848
10733.133285365848
10733.133285365848
10733.133285365848
10733.133285365848
10733.133285365848
10733.133285365848
10733.133285365848
10733.133285365848
10733.133285365848
10733.133285365848
10733.133285365848
10733.133285365848
10733.133285365848
10733.133285365848
10733.133285365848
10733.133285365848
10733.133285365848
10733.133285365848
10672.073926246747
10672.073926246747
10672.073926246747
10672.073926246747
10672.073926246747
10672.073926246747
10672.073926246747
10672.073926246747
10672.073926246747
10672.073926246747
10672.073926246747
10672.073926246747
10672.073926246747
10672.073926246747
10672.073926246747
10672.073926246747
10672.073926246747
10672.073926246747
10672.073926246747
10672.073926246747
10672.073926246747
10672.073926246747
10672.073926246747
10656.598332055575
10656.598332055575
10608.329732049042
10608.329732049042
10608.329732049042
10608.329732049042
10422.159742316593
10422.159742316593
10224.848320836569
10224.848320836569
10224.848320836569
10224.848320836569
10224.848320836569
10224.848320836569
10224.848320836569
10224.848320836569
10224.848320836569
10224.848320836569
10224.848320836569
10224.848320836569
10224.848320836569
10224.848320836569
10224.848320836569
10224.848320836569
10224.848320836569
10224.848320836569
10224.848320836569
10224.848320836569
10224.848320836569
10224.848320836569
10224.848320836569
10224.848320836569
10224.848320836569
10224.848320836569
10224.848320836569
10224.848320836569
10224.848320836569
10224.848320836569
10224.848320836569
10224.848320836569
10224.848320836569
10224.848320836569
10224.848320836569
10224.848320836569
10141.444930863063
10141.444930863063
10141.444930863063
10014.852774751944
10014.852774751944
10014.852774751944
10014.852774751944
10014.852774751944
10014.852774751944
10014.852774751944
10014.852774751944
10014.852774751944
10014.852774751944
10014.852774751944
10014.852774751944
10014.852774751944
10014.852774751944
10014.852774751944
10014.852774751944
10014.852774751944
10014.852774751944
10014.852774751944
10014.852774751944
10014.852774751944
10014.852774751944
10014.852774751944
10014.852774751944
10014.852774751944
10014.852774751944
10014.852774751944
10014.852774751944
9843.878508925452
9843.878508925452
9843.878508925452
9843.878508925452
9843.878508925452
9843.878508925452
9843.878508925452
9843.878508925452
9843.878508925452
9843.878508925452
9843.878508925452
9843.878508925452
9843.878508925452
9843.878508925452
9843.878508925452
9843.878508925452
9843.878508925452
9843.878508925452
9827.308425647545
9827.308425647545
9827.308425647545
9827.308425647545
9827.308425647545
9827.308425647545
9827.308425647545
9827.308425647545
9827.308425647545
9827.308425647545
9827.308425647545
9827.308425647545
9827.308425647545
9827.308425647545
9827.308425647545
9827.308425647545
9827.308425647545
9827.308425647545
9827.308425647545
9827.308425647545
9827.308425647545
9826.364199511348
9824.762224226082
9824.762224226082
9824.762224226082
9824.762224226082
9824.762224226082
9824.762224226082
9824.762224226082
9666.071786533537
9666.071786533537
9666.071786533537
9666.071786533537
9666.071786533537
9666.071786533537
9666.071786533537
9666.071786533537
9666.071786533537
9666.071786533537
9666.071786533537
9666.071786533537
9666.071786533537
9666.071786533537
9666.071786533537
9666.071786533537
9666.071786533537
9666.071786533537
9666.071786533537
9666.071786533537
9666.071786533537
9666.071786533537
9639.76049578373
9609.961802442238
9609.961802442238
9609.961802442238
9609.961802442238
9609.961802442238
9609.961802442238
9609.961802442238
9609.961802442238
9609.961802442238
9609.961802442238
9609.961802442238
9400.973937543948
9400.973937543948
9400.973937543948
9400.973937543948
9400.973937543948
9400.973937543948
9400.973937543948
9400.973937543948
9400.973937543948
9400.973937543948
9400.973937543948
9400.973937543948
9400.973937543948
9400.973937543948
9400.973937543948
9400.973937543948
9400.973937543948
9400.973937543948
9400.973937543948
9400.973937543948
9400.973937543948
9400.973937543948
9400.973937543948
9400.973937543948
9400.973937543948
9400.973937543948
9400.973937543948
9400.973937543948
9400.973937543948
9400.973937543948
9400.973937543948
9400.973937543948
9400.973937543948
9400.973937543948
9400.973937543948
9400.973937543948
9400.973937543948
9400.973937543948
9400.973937543948
9382.518033669689
9382.518033669689
9382.518033669689
9382.518033669689
9382.518033669689
9382.518033669689
20126.58722579477
20126.58722579477
20126.58722579477
20126.58722579477
19951.573814199874
19951.573814199874
19527.673808079497
18359.091721190714
18359.091721190714
18359.091721190714
18218.198735557256
18218.198735557256
17511.507034935705
17511.507034935705
17511.507034935705
17511.507034935705
17511.507034935705
17511.507034935705
17511.507034935705
17511.507034935705
17511.507034935705
17511.507034935705
17511.507034935705
17511.507034935705
17511.507034935705
17511.507034935705
16961.536717811665
16961.536717811665
16961.536717811665
16961.536717811665
16961.536717811665
16961.536717811665
16837.5878551932
16837.5878551932
16837.5878551932
16837.5878551932
16453.52922915739
16416.97209368681
16416.97209368681
16416.97209368681
16416.97209368681
16416.97209368681
16416.97209368681
15774.268436432976
15774.268436432976
15774.268436432976
15774.268436432976
15774.268436432976
15678.067866300447
15678.067866300447
15678.067866300447
15678.067866300447
15282.801716914062
15282.801716914062
15282.801716914062
15282.801716914062
15282.801716914062
15282.801716914062
15282.801716914062
15232.751349334385
15001.051559027268
15001.051559027268
15001.051559027268
14173.991964203387
14173.991964203387
14173.991964203387
14173.991964203387
14173.991964203387
14173.991964203387
14173.991964203387
14173.991964203387
14173.991964203387
14173.991964203387
14173.991964203387
14173.991964203387
14173.991964203387
14173.991964203387
14173.991964203387
14173.991964203387
14173.991964203387
14173.991964203387
14173.991964203387
14173.991964203387
14173.991964203387
13861.515056300666
13861.515056300666
13861.515056300666
13861.515056300666
13601.371367893811
13601.371367893811
13601.371367893811
13601.371367893811
13601.371367893811
13601.371367893811
13601.371367893811
13601.371367893811
13601.371367893811
13601.371367893811
13601.371367893811
13601.371367893811
13601.371367893811
13601.371367893811
13395.704333754391
13074.647973987441
13074.647973987441
13074.647973987441
13074.647973987441
13074.647973987441
13074.647973987441
13074.647973987441
13074.647973987441
13074.647973987441
13074.647973987441
13074.647973987441
13074.647973987441
13074.647973987441
13074.647973987441
13024.71847975191
13024.71847975191
13024.71847975191
13024.71847975191
13024.71847975191
13024.71847975191
13024.71847975191
12577.436940202617
12577.436940202617
12577.436940202617
12577.436940202617
12577.436940202617
12577.436940202617
12577.436940202617
12577.436940202617
12577.436940202617
12577.436940202617
12577.436940202617
12577.436940202617
12577.436940202617
12577.436940202617
12577.436940202617
12577.436940202617
12577.436940202617
12577.436940202617
12577.436940202617
12577.436940202617
12577.436940202617
12577.436940202617
12577.436940202617
12577.436940202617
12577.436940202617
12577.436940202617
12577.436940202617
12577.436940202617
12577.436940202617
12577.436940202617
12577.436940202617
12577.436940202617
12577.436940202617
12577.436940202617
12577.436940202617
12577.436940202617
12577.436940202617
12577.436940202617
12577.436940202617
12320.852884146761
12320.852884146761
12320.852884146761
12320.852884146761
12320.852884146761
12320.852884146761
12320.852884146761
12320.852884146761
12320.852884146761
12320.852884146761
12320.852884146761
12320.852884146761
12320.852884146761
12320.852884146761
12320.852884146761
12320.852884146761
12194.78098462757
11996.877776407273
11996.877776407273
11996.877776407273
11893.527275507286
11747.586676957182
11747.586676957182
11747.586676957182
11747.586676957182
11747.586676957182
11747.586676957182
11747.586676957182
11747.586676957182
11747.586676957182
11747.586676957182
11747.586676957182
11747.586676957182
11747.586676957182
11747.586676957182
11747.586676957182
11747.586676957182
11747.586676957182
11747.586676957182
11747.586676957182
11747.586676957182
11747.586676957182
11747.586676957182
11687.388227284164
11687.388227284164
11687.388227284164
11687.388227284164
11687.388227284164
11687.388227284164
11687.388227284164
11687.388227284164
11687.388227284164
11687.388227284164
11619.759166018497
11619.759166018497
11619.759166018497
11619.759166018497
11619.759166018497
11619.759166018497
11619.759166018497
11619.759166018497
11619.759166018497
11619.759166018497
11619.759166018497
11619.759166018497
11619.759166018497
11619.759166018497
11619.759166018497
11619.759166018497
11619.759166018497
11619.759166018497
11619.759166018497
11619.759166018497
11619.759166018497
11619.759166018497
11619.759166018497
11619.759166018497
11619.759166018497
11619.759166018497
11619.759166018497
11619.759166018497
11619.759166018497
11585.094412545119
11585.094412545119
11585.094412545119
11585.094412545119
11585.094412545119
11585.094412545119
11585.094412545119
11585.094412545119
11585.094412545119
11585.094412545119
11585.094412545119
11585.094412545119
11585.094412545119
11585.094412545119
11585.094412545119
11585.094412545119
11585.094412545119
11585.094412545119
11585.094412545119
11585.094412545119
11420.658147028516
11420.658147028516
11420.658147028516
11420.658147028516
11294.494779081877
11294.494779081877
11114.339210908602
11114.339210908602
11010.173643284952
11010.173643284952
11010.173643284952
11010.173643284952
11010.173643284952
11010.173643284952
11010.173643284952
11010.173643284952
11010.173643284952
11010.173643284952
11010.173643284952
11010.173643284952
11010.173643284952
11010.173643284952
11010.173643284952
10743.638800529112
10743.638800529112
10743.638800529112
10743.638800529112
10743.638800529112
10743.638800529112
10743.638800529112
10743.638800529112
10743.638800529112
10743.638800529112
10743.638800529112
10743.638800529112
10743.638800529112
10743.638800529112
10743.638800529112
10743.638800529112
10743.638800529112
10743.638800529112
10743.638800529112
10743.638800529112
10743.638800529112
10743.638800529112
10743.638800529112
10743.638800529112
10743.638800529112
10743.638800529112
10743.638800529112
10743.638800529112
10743.638800529112
10743.638800529112
10743.638800529112
10743.638800529112
10743.638800529112
10743.638800529112
10743.638800529112
10743.638800529112
10743.638800529112
10743.638800529112
10743.638800529112
10743.638800529112
10743.638800529112
10743.638800529112
10743.638800529112
10743.638800529112
10743.638800529112
10743.638800529112
10743.638800529112
10743.638800529112
10743.638800529112
10743.638800529112
10743.638800529112
10743.638800529112
10743.638800529112
10743.638800529112
10743.638800529112
10536.436895890987
10536.436895890987
10536.436895890987
10536.436895890987
10536.436895890987
10536.436895890987
10536.436895890987
10536.436895890987
10536.436895890987
10536.436895890987
10536.436895890987
10536.436895890987
10536.436895890987
10536.436895890987
10536.436895890987
10429.406009620649
10429.406009620649
10429.406009620649
10429.406009620649
10429.406009620649
10429.406009620649
10429.406009620649
10429.406009620649
10429.406009620649
10429.406009620649
10429.406009620649
10429.406009620649
10429.406009620649
10429.406009620649
10429.406009620649
10429.406009620649
10429.406009620649
10429.406009620649
10429.406009620649
10429.406009620649
10429.406009620649
10429.406009620649
10429.406009620649
10429.406009620649
10308.880131434666
10308.880131434666
10308.880131434666
10308.880131434666
10308.880131434666
10308.880131434666
10308.880131434666
10308.880131434666
10308.880131434666
10308.880131434666
10308.880131434666
10308.880131434666
10308.880131434666
10308.880131434666
10308.880131434666
10308.880131434666
10308.880131434666
10308.880131434666
10308.880131434666
10308.880131434666
10308.880131434666
10308.880131434666
10308.880131434666
10117.758831849687
10117.758831849687
10117.758831849687
10117.758831849687
10117.758831849687
10117.758831849687
10117.758831849687
10117.758831849687
10117.758831849687
10117.758831849687
10117.758831849687
10117.758831849687
10117.758831849687
10117.758831849687
10117.758831849687
10117.758831849687
10117.758831849687
10117.758831849687
10117.758831849687
10117.758831849687
10117.758831849687
10117.758831849687
10117.758831849687
10117.758831849687
10117.758831849687
10117.758831849687
10117.758831849687
10117.758831849687
10117.758831849687
10117.758831849687
10117.758831849687
10117.758831849687
10117.758831849687
10117.758831849687
10117.758831849687
10117.758831849687
10117.758831849687
10117.758831849687
10117.758831849687
10117.758831849687
10106.422599580601
10106.422599580601
10106.422599580601
10106.422599580601
10106.422599580601
10106.422599580601
10106.422599580601
10092.592951177336
10092.592951177336
10092.592951177336
10092.592951177336
10092.592951177336
9985.749466544881
9985.749466544881
9696.967944611484
9696.967944611484
9696.967944611484
9696.967944611484
9696.967944611484
9696.967944611484
9696.967944611484
9696.967944611484
9696.967944611484
9696.967944611484
9696.967944611484
9696.967944611484
9696.967944611484
9696.967944611484
9696.967944611484
9696.967944611484
9696.967944611484
9696.967944611484
9696.967944611484
9696.967944611484
9696.967944611484
9696.967944611484
9696.967944611484
9696.967944611484
9696.967944611484
9696.967944611484
9696.967944611484
9696.967944611484
9696.967944611484
9696.967944611484
9696.967944611484
9696.967944611484
9696.967944611484
9696.967944611484
9696.967944611484
9696.967944611484
9696.967944611484
9696.967944611484
9696.967944611484
9696.967944611484
9696.967944611484
